CPU0
P1,1		0		14
P3,1		15		16
P1,2		17		21
P3,2		22		34
P8,1		35		40
P11,1		41		45
P9,1		46		47
P11,2		48		49
P9,2		50		55
P7,1		56		70
P1,3		71		85
P5,1		86		87
P1,4		88		92
P5,2		93		105
P9,3		106		107
P5,3		108		112
P12,1		113		114
P5,4		115		119
P12,2		120		121
P5,5		122		126
P12,3		127		128
P5,6		129		133
P12,4		134		135
P5,7		136		140
P12,5		141		147
P5,8		148		152
P7,2		153		154
P5,9		155		159
P7,3		160		161
P5,10		162		166
P7,4		167		168
P5,11		169		173
P7,5		174		175
P5,12		176		180
P7,6		181		187
P5,13		188		192
P3,3		193		194
P5,14		195		199
P3,4		200		201
P5,15		202		206
P3,5		207		208
P5,16		209		213
P3,6		214		215
P5,17		216		220
P3,7		221		227
P5,18		228		232
P1,5		233		234
P5,19		235		239
P1,6		240		241
P5,20		242		246
P1,7		247		248
P5,21		249		253
P1,8		254		255
P5,22		256		260
P1,9		261		267
P5,23		268		272
P1,10		273		277
P5,24		278		282
P12,6		283		297
P7,7		298		312
P3,8		313		327
P12,7		328		342
P7,8		343		357
P3,9		358		372
P12,8		373		387
P7,9		388		402
P3,10		403		417
P12,9		418		432
P7,10		433		447
P3,11		448		462
P12,10		463		477
P7,11		478		492
P3,12		493		507
P12,11		508		522
P7,12		523		537
P3,13		538		552
P12,12		553		567
P7,13		568		582
P3,14		583		597
P12,13		598		612
P7,14		613		627
P3,15		628		642
P12,14		643		657
P7,15		658		672
P3,16		673		687
P12,15		688		702
P7,16		703		717
P3,17		718		732
P12,16		733		747
P7,17		748		762
P3,18		763		777
P12,17		778		792
P7,18		793		807
P3,19		808		822
P12,18		823		837
P1,11		838		852
P3,20		853		854
P1,12		855		859
P3,21		860		872
P12,19		873		887
P1,13		888		902
P3,22		903		904
P1,14		905		909
P3,23		910		922
P12,20		923		937
P1,15		938		952
P3,24		953		954
P1,16		955		959
P3,25		960		972
P12,21		973		987
P1,17		988		1002
P3,26		1003		1004
P1,18		1005		1009
P3,27		1010		1022
P12,22		1023		1037
P1,19		1038		1052
P12,23		1053		1054
P1,20		1055		1059
P12,24		1060		1061
P1,21		1062		1066
P12,25		1067		1077
P1,22		1078		1092
P12,26		1093		1094
P1,23		1095		1099
P12,27		1100		1101
P1,24		1102		1106
P12,28		1107		1117
P4,1		1118		1119
P12,29		1120		1134
P4,2		1135		1136
P12,30		1137		1151
P4,3		1152		1153
P12,31		1154		1168
P4,4		1169		1212
P6,1		1213		1292
P10,1		1293		1294
P6,2		1295		1374
P10,2		1375		1472
P4,5		1473		1572
P2,1		1573		1574
P4,6		1575		1584
P2,2		1585		1682
P6,3		1683		1684
P2,3		1685		1864
P6,4		1865		1866
P2,4		1867		1876
P6,5		1877		2073
P6,6		2076		2090
